   3.9644065e+02
   9.3750289e+02
   1.9038602e+03
   2.0994259e+03
   1.8081460e+03
   1.1147390e+03
   1.9116959e+03
   4.0794912e+03
   1.8968879e+03
   2.3255394e+03
   6.6458938e+02
   9.8608536e+02
   3.8927879e+03
   5.7773985e+03
   1.0338192e+04
   7.0040770e+03
   2.8997660e+03
   3.0323454e+03
   5.9654917e+03
   6.1076759e+03
   6.0270618e+02
   2.8715503e+03
   5.4123756e+03
   7.7223454e+03
   2.3075874e+03
   2.3777045e+03
   1.3326547e+03
   1.5656960e+03
   7.7527412e+03
   2.4677779e+03
   2.4831405e+03
   4.4682598e+03
   5.1715877e+03
   4.6873443e+03
   6.5185451e+03
   6.3243511e+03
   4.1185151e+03
   0.0000000e+00
   4.8907864e+02
   8.0096044e+02
   1.8744699e+03
   2.3028841e+03
   1.7671449e+03
   1.4305204e+03
   1.8747722e+03
   4.1783612e+03
   1.6209478e+03
   1.1398034e+03
   4.9605399e+02
   1.1184990e+03
   3.6053075e+03
   6.9294418e+03
   9.9656426e+03
   7.6723358e+03
   2.9980690e+03
   3.1117158e+03
   5.4100129e+03
   5.0086306e+03
   1.1820432e+03
   2.4734387e+03
   5.5850490e+03
   7.6929114e+03
   2.5129082e+03
   2.1956018e+03
   1.2610919e+03
   1.5915893e+03
   7.6660088e+03
   2.4620126e+03
   2.6488716e+03
   4.7971762e+03
   5.9868071e+03
   5.0066551e+03
   7.4035353e+03
   5.2221497e+03
   3.7484382e+03
   0.0000000e+00
