   5.3269728e-01  -1.9247799e-02   3.3717203e-01
   5.0751924e-01   2.0227396e-01   6.7650411e-01
  -2.4510821e-01   3.6356979e-01  -4.5806268e-01
   2.4398002e-01   4.9760675e-01   2.5458599e-01
   2.1034941e-02   5.7507349e-01   1.7882945e-01
  -1.5890180e-01   4.6505845e-01  -6.0694827e-01
  -1.8329208e-01   6.8771785e-01  -3.3389402e-01
   4.9602071e-02  -1.1920253e-02   4.3598602e-01
   3.8060332e-01  -5.7946675e-01   1.1053613e-01
  -4.3017453e-01   2.4109761e-01  -5.8290575e-01
   2.2783116e-01  -6.5815655e-01  -1.2668979e-01
   1.0975324e-01  -2.6116203e-01   3.4911050e-01
   2.0728843e-02  -1.1450961e-01   1.9501423e-01
  -5.3148569e-02  -2.7866605e-01   1.1536624e-01
  -2.2821270e-01  -1.7023107e-01   2.2850593e-01
  -1.9778958e-01   3.4532294e-01  -5.8313111e-03
   7.1064903e-02  -2.1930536e-01   2.8517831e-01
   2.3001595e-01  -1.6687410e-01   1.3791656e-01
   4.0152630e-01  -2.2035598e-01   3.2598974e-01
  -1.7818834e-01   6.6607632e-01   5.8827431e-03
   3.1577083e-01   4.3790701e-01  -3.4546315e-01
  -7.6148927e-02   1.9191355e-02  -4.2850035e-01
   4.2202301e-01  -1.0233886e-01   2.0344096e-02
   9.4680540e-02  -2.6032133e-01  -1.0801519e-01
   1.8346676e-01   3.3338801e-01   1.8190548e-01
   1.7600966e-01  -4.8932358e-01   3.3133055e-01
  -1.0198444e-01   6.4904231e-01   3.0190549e-02
   6.0267772e-02  -2.6329436e-01   2.2522400e-02
  -4.2481541e-03  -1.5756024e-01   1.7529505e-01
  -3.0204624e-01   1.4141150e-01  -6.7848602e-01
   7.1893730e-02  -3.3656946e-01   7.7394850e-03
  -1.2884881e-01  -1.1791928e-01  -3.6172675e-01
  -7.5545887e-03   2.8169186e-01  -4.1755631e-01
   9.1238475e-02  -2.4203472e-01  -2.8139047e-03
  -1.2795982e-01   1.5416296e-01  -4.7175033e-01
  -9.6556644e-02   1.5027455e-01  -4.9549709e-02
  -1.8829139e-01   8.7249067e-03   5.8916786e-02
  -8.1664761e-02   9.1961538e-01  -7.6686224e-04
   4.1468846e-01   1.2483165e-01   1.3035104e-01
   4.9301633e-01   3.2316740e-02   7.1213874e-01
  -9.8354868e-02  -3.6149737e-01  -5.0860360e-01
   3.3930505e-01  -5.5474088e-01   3.3232426e-01
   1.4769125e-02  -6.6491065e-01   1.5803129e-01
  -2.3936115e-01  -3.8783701e-01  -5.8474579e-01
  -2.9311409e-01  -5.4933699e-01  -4.2423749e-01
   3.4260811e-02   1.7730943e-01   2.3287856e-01
  -6.0295406e-01   7.4582112e-02  -1.8081550e-02
  -4.4152593e-01  -5.1700391e-01  -4.0098965e-01
   3.4993479e-01   5.1908266e-01  -1.4688091e-01
   1.0062777e-01   2.4677434e-01   2.9780132e-01
   8.0578663e-02   1.0385897e-01   1.7432589e-01
  -6.7344403e-02   2.3050320e-01   1.8812996e-01
  -1.3628204e-01   2.1331854e-01   2.2554644e-01
  -9.4929045e-02  -4.3196670e-01  -6.6518708e-02
  -1.1323053e-01   2.0378523e-01   2.7107415e-01
   2.7397104e-01   2.0441058e-01   1.9038703e-01
   3.1011710e-01   4.2016769e-01   3.4793915e-01
   5.7067972e-03  -7.3405520e-01  -5.1290717e-02
   3.9174048e-01  -5.1606966e-01  -5.5496343e-02
   3.0553064e-03  -3.8714955e-02  -4.2835639e-01
   3.7110015e-01   7.7760128e-02  -3.7336174e-02
   1.3696463e-01   2.4320247e-01  -1.8768878e-02
   1.0159052e-01  -4.1506289e-01  -1.1014247e-02
   1.8022845e-01   3.4031015e-01   4.3138379e-01
  -6.0267789e-02  -7.8628971e-01   6.8295410e-02
   2.0430500e-02   1.8833749e-01  -3.3876105e-02
  -8.7069118e-02   1.3731609e-01   1.8695440e-01
  -3.4001464e-01  -2.2628381e-02  -6.8482444e-01
   1.1295028e-02   3.6058079e-01   5.5681899e-02
  -1.6795064e-01   1.8889217e-01  -2.7265331e-01
   3.2909067e-01  -2.3697725e-01  -3.2762523e-01
  -5.2932070e-02   3.2468823e-01  -7.2319600e-02
  -1.1999341e-01  -1.3542632e-01  -4.8490708e-01
  -1.1180631e-01  -1.0544535e-01   1.4450560e-01
  -1.7137955e-01  -6.4066664e-02  -2.6077363e-02
   3.2310817e-02  -9.2132760e-01  -5.1556362e-03
