rA1 -9.885591 -47.084818 -3.139360
rA2 -2.605247 -55.324507 -7.065423
rAMYG 6.489431 -11.670519 -30.851544
rCCA 48.734149 -2.004701 8.019123
rCCP -12.171400 -6.494719 25.361539
rCCR -38.152500 -13.054752 -5.607666
rCCS 30.150795 -4.286333 -31.136279
rFEF 30.400644 -33.753689 34.832572
rG 36.159029 -35.084312 -18.938829
rHC -12.502286 -24.875165 -20.872351
rIA 23.242996 -42.031295 -22.110624
rIP 9.822772 -44.114976 -18.760442
rM1 8.003023 -32.833685 38.712349
rPCI -22.152851 -56.734891 16.852029
rPCIP -51.151034 -35.899675 25.679908
rPCM -43.927847 -8.226723 27.584594
rPCS -30.092058 -33.534852 43.097159
rPFCCL 54.048553 -37.427609 12.535183
rPFCDL 59.995574 -14.366518 26.025739
rPFCDM 59.612735 -2.407101 -0.844581
rPFCM 59.286775 -2.547348 -21.924281
rPFCORB 47.987255 -16.887697 -39.699154
rPFCPOL 79.213202 -15.623481 -15.958480
rPFCVL 53.338325 -45.334367 -18.998421
rPHC -14.494840 -20.328269 -27.617052
rPMCDL 23.765633 -21.600569 45.979060
rPMCM 18.273358 -4.266078 38.071488
rPMCVL 31.270899 -53.183604 -3.211336
rS1 -6.551567 -40.922040 34.412733
rS2 6.093876 -48.998009 -7.897234
rTCC -8.613724 -59.828600 -27.915417
rTCI -23.429795 -51.025923 -39.842084
rTCPOL 18.541141 -24.947459 -60.138766
rTCS 9.897209 -53.324915 -23.790822
rTCV -31.897851 -30.247588 -33.028094
rV1 -70.449382 -12.870265 -11.423195
rV2 -68.477071 -22.673420 -1.619763
rCC 15.139377 -2.224858 -1.191818
lA1 -9.810758 42.258358 -0.196899
lA2 -7.680012 58.825146 -1.913986
lAMYG 7.671771 16.535084 -32.110169
lCCA 39.281208 4.486598 10.191669
lCCP -11.349411 1.901778 21.476145
lCCR -33.137736 10.478931 -5.472519
lCCS 28.220495 8.508825 -31.633256
lFEF 25.331480 38.587971 32.110488
lG 37.054464 40.364252 -30.482399
lHC -10.680653 11.558159 -17.518622
lIA 30.412158 39.619089 -25.426555
lIP 9.534895 45.586715 -15.697951
lM1 6.077868 34.161497 35.327252
lPCI -23.959151 52.704826 22.570164
lPCIP -51.903028 33.658259 25.071224
lPCM -41.261623 3.156065 31.680186
lPCS -33.257143 25.624607 48.060790
lPFCCL 55.048683 36.907935 12.702720
lPFCDL 55.995996 19.842407 26.675811
lPFCDM 54.133613 5.459295 8.870544
lPFCM 54.173949 6.505508 -16.275330
lPFCORB 49.265878 17.275875 -40.963937
lPFCPOL 77.946877 20.707769 -18.710748
lPFCVL 52.237054 48.425978 -14.636575
lPHC -8.065300 19.203280 -31.944175
lPMCDL 21.399859 21.199044 48.314342
lPMCM 16.534061 2.192421 40.922159
lPMCVL 28.761381 51.960267 -2.848827
lS1 -10.910180 34.405760 39.609319
lS2 4.454994 51.654279 -5.310949
lTCC -14.078617 60.366031 -27.023514
lTCI -21.635537 52.591846 -40.625765
lTCPOL 28.610946 33.291033 -57.766536
lTCS -0.096289 57.879062 -18.031089
lTCV -22.274330 30.547326 -39.308739
lV1 -60.667050 12.165386 -6.554734
lV2 -66.770666 19.431384 -4.138797
lCC 13.284878 1.185569 -2.739093
